0.07871
0.05667
0.05999
0.09744
0.05883
0.07613
0.05742
0.07451
0.07389
0.08243
0.05697
0.06082
0.078
0.05338
0.07682
0.07077
0.05922
0.07356
0.05395
0.05766
0.06811
0.06905
0.07032
0.05278
0.0633
0.07413
0.06924
0.05699
0.0654
0.06149
0.06197
0.07799
0.06382
0.06261
0.06515
0.05656
0.06125
0.05863
0.05504
0.06419
0.05587
0.0687
0.06343
0.06782
0.06177
0.06049
0.06503
0.06777
0.06043
0.05718
0.05888
0.05953
0.0611
0.0631
0.05684
0.05907
0.05961
0.06758
0.05501
0.07187
0.0696
0.06757
0.07292
0.06963
0.0659
0.06654
0.06899
0.05667
0.08046
0.05653
0.05461
0.0898
0.06487
0.06566
0.05914
0.05391
0.06641
0.06673
0.08142
0.05997
0.07005
0.06902
0.06782
0.07224
0.05968
0.06022
0.05636
0.05629
0.06404
0.06346
0.05866
0.06097
0.05318
0.0571
0.06284
0.05649
0.06635
0.0689
0.06582
0.0639
0.05871
0.07818
0.05677
0.06322
0.06481
0.07692
0.0652
0.06066
0.07039
0.06529
0.07065
0.0707
0.07769
0.07782
0.07633
0.06194
0.07163
0.06768
0.07331
0.05025
0.06113
0.06213
0.06877
0.06402
0.05823
0.0589
0.0613
0.05044
0.06467
0.06113
0.06471
0.05796
0.05891
0.05723
0.05727
0.06065
0.05945
0.05865
0.06216
0.06072
0.06422
0.06248
0.06562
0.06235
0.05688
0.07839
0.07371
0.06493
0.06081
0.0558
0.06087
0.08261
0.09296
0.06105
0.06207
0.06228
0.06166
0.05268
0.05907
0.05743
0.06453
0.05176
0.06082
0.06761
0.05553
0.05266
0.064
0.05534
0.06365
0.0565
0.05955
0.05671
0.07069
0.06669
0.05975
0.06724
0.08116
0.06323
0.05234
0.06133
0.0577
0.07398
0.05549
0.06217
0.06317
0.06048
0.05425
0.06095
0.0578
0.05474
0.07542
0.06287
0.06447
0.06937
0.06672
0.05667
0.06877
0.0534
0.05529
0.06466
0.06013
0.05491
0.06229
0.07421
0.06373
0.05986
0.06285
0.05223
0.0731
0.05526
0.05024
0.06057
0.05525
0.05866
0.06433
0.06916
0.06314
0.06315
0.05581
0.05313
0.06344
0.06303
0.06908
0.06303
0.05674
0.05448
0.0645
0.05907
0.06019
0.07254
0.06325
0.05628
0.05828
0.05592
0.06403
0.05835
0.06309
0.05177
0.06129
0.05966
0.0566
0.05754
0.07669
0.05429
0.06
0.0644
0.05635
0.06409
0.06329
0.06168
0.05898
0.05934
0.06697
0.05613
0.05647
0.0613
0.06232
0.07596
0.08104
0.0665
0.05572
0.05307
0.05464
0.05443
0.0558
0.05674
0.06491
0.05859
0.05769
0.06862
0.05376
0.0627
0.06194
0.06312
0.0551
0.05875
0.05821
0.04996
0.0552
0.05853
0.0622
0.06113
0.05892
0.06684
0.05935
0.05855
0.06766
0.05581
0.06233
0.05955
0.07192
0.05852
0.0647
0.05715
0.061
0.05912
0.06031
0.06287
0.05586
0.06556
0.06552
0.06249
0.07469
0.066
0.06243
0.05878
0.05894
0.06833
0.05335
0.05518
0.06128
0.05255
0.0614
0.061
0.07359
0.05673
0.05649
0.05664
0.08743
0.05561
0.07279
0.05096
0.06476
0.0667
0.06129
0.05984
0.057
0.0607
0.06277
0.06532
0.05976
0.0654
0.06028
0.06081
0.05945
0.06071
0.07238
0.06083
0.06331
0.05506
0.06412
0.07125
0.06907
0.05715
0.06506
0.07005
0.06048
0.05912
0.06372
0.06581
0.05731
0.07603
0.06121
0.06464
0.06083
0.06184
0.06501
0.05883
0.06621
0.06959
0.05185
0.05696
0.06183
0.05593
0.05701
0.05557
0.0602
0.05916
0.05054
0.0614
0.06218
0.05544
0.06183
0.05478
0.05669
0.06572
0.0845
0.05763
0.05897
0.0795
0.06914
0.06246
0.06659
0.06588
0.05594
0.05416
0.06154
0.05474
0.07252
0.05884
0.06569
0.07098
0.06744
0.06606
0.06161
0.05764
0.06079
0.0575
0.06214
0.06019
0.07115
0.05541
0.05899
0.062
0.05708
0.06615
0.05875
0.06114
0.06069
0.05597
0.05913
0.0634
0.06724
0.05913
0.05294
0.0629
0.06601
0.06864
0.06275
0.06144
0.06267
0.07406
0.0632
0.06181
0.07029
0.06439
0.06915
0.05977
0.06148
0.05544
0.06898
0.07102
0.06053
0.06132
0.05703
0.06544
0.06347
0.05898
0.05673
0.05586
0.0664
0.05407
0.05848
0.05768
0.0578
0.0685
0.05916
0.05886
0.05746
0.05661
0.06612
0.05391
0.06104
0.06121
0.05826
0.06016
0.06166
0.05584
0.05449
0.05952
0.06281
0.05623
0.05433
0.05859
0.05549
0.06432
0.0602
0.06412
0.07369
0.07255
0.06413
0.05698
0.05669
0.0596
0.06837
0.05913
0.06009
0.05536
0.06574
0.06578
0.06284
0.05594
0.06639
0.06088
0.06259
0.07325
0.05355
0.06115
0.06401
0.05325
0.05976
0.05243
0.06077
0.06013
0.05888
0.05748
0.06854
0.06046
0.06697
0.06222
0.06869
0.07237
0.06612
0.05484
0.09502
0.09575
0.06894
0.07976
0.05657
0.07083
0.06758
0.05348
0.07325
0.0564
0.05915
0.06211
0.05941
0.06188
0.07253
0.06623
0.07696
0.06739
0.06343
0.06843
0.06891
0.07126
0.06317
0.05808
0.06457
0.06608
0.06677
0.06461
0.06155
0.05419
0.06408
0.06251
0.05982
0.07405
0.07285
0.07751
0.06782
0.06341
0.0568
0.05781
0.06688
0.05801
0.06201
0.06714
0.06235
0.06328
0.05948
0.06552
0.05637
0.06576
0.05708
0.06127
0.06331
0.06059
0.06147
0.0657
0.06171
0.05502
0.07152
0.06879
0.05623
0.05533
0.05648
0.07016
0.05884