1.095
0.5435
0.7456
0.4956
0.7572
0.3345
0.4467
0.5835
0.3063
0.2976
0.3795
0.5058
0.9555
0.4033
0.2121
0.37
0.4727
0.5692
0.7582
0.2699
0.1852
0.2773
0.4388
0.6917
0.8068
1.046
0.2545
0.8529
0.439
0.6003
0.8307
0.4825
0.6009
0.5558
0.334
0.4615
0.286
0.1839
1.214
0.213
0.2385
0.2366
0.9811
0.3704
0.1938
0.6289
0.1563
0.2871
0.2636
0.2338
0.4062
0.1872
0.2273
0.8337
0.3105
0.3249
0.7275
0.4226
0.404
0.1559
0.5158
0.3582
0.7036
0.4098
0.4255
0.3577
0.2351
0.2727
0.3274
0.2368
0.7888
0.5262
0.5907
0.2787
0.2505
0.7474
0.4101
0.9806
0.9317
0.2655
0.3251
0.286
0.8973
0.519
0.2271
0.6997
0.4204
0.5495
0.2978
0.5115
0.3721
0.3129
0.4057
0.295
0.4768
0.7576
0.3661
0.335
0.2315
0.2895
0.4565
0.2241
0.1924
0.1803
0.355
0.3908
0.306
0.1199
1.215
0.2344
0.403
0.3424
0.3628
0.3336
0.1665
0.3118
0.3132
0.4266
0.552
0.5506
0.1408
0.7128
1.509
0.2929
0.1639
0.2185
0.231
0.6896
0.4309
0.4953
0.2005
0.4743
0.4332
0.3117
0.5959
0.2367
0.4489
0.1759
1.296
0.3384
0.1988
0.7049
0.2843
0.2143
0.2525
0.3962
0.3197
0.422
0.2406
0.25
0.4202
0.1935
0.8245
0.2251
0.271
0.22
0.8113
0.4789
0.1822
0.2818
0.5018
1
0.7364
0.2949
0.6642
0.184
0.1728
0.599
1.088
0.2713
0.236
0.4697
0.4209
0.2073
0.3309
0.2204
0.4311
0.3037
0.1731
0.2889
0.8361
0.6298
0.3699
0.3344
0.2054
0.4245
0.2577
0.2451
0.1859
0.2382
0.286
0.7311
0.3539
0.4053
0.2796
0.1942
0.6191
0.6362
0.4357
0.2092
0.3534
0.3971
0.5539
0.5648
0.3961
0.2711
0.2137
0.5858
0.1931
0.2134
0.8601
0.2222
2.873
0.5296
0.4207
0.2563
0.2963
0.3567
0.9553
0.7392
0.2102
0.2569
0.2467
0.3473
0.2927
0.522
0.1913
0.2318
0.2449
0.3061
0.2959
0.121
0.2239
0.524
0.2152
0.2589
1.058
0.6874
0.3354
0.5366
0.3242
0.1153
0.2428
0.4347
0.5243
0.3719
0.163
0.2025
0.2497
0.2562
1.004
0.3927
0.7661
0.3093
0.5959
0.425
0.8426
0.6592
1.292
0.2419
0.3977
0.4007
0.8348
0.2298
0.4203
1.172
0.4505
0.338
0.2345
0.3198
0.1302
0.1904
1.167
0.2684
0.4212
0.6412
0.2375
0.3283
0.258
0.2479
0.6361
0.5619
0.4709
0.2873
0.2913
0.2719
0.2742
0.1532
0.4866
0.2656
0.8811
0.2877
0.2094
0.207
0.1807
0.2191
0.1753
0.645
0.23
0.2868
1.111
0.3642
1.072
0.1485
0.3278
0.2512
0.1903
0.1746
0.2244
0.3975
0.1601
0.316
0.3265
0.1312
0.3368
0.1716
0.2113
0.4041
0.4653
0.3778
0.3677
0.5925
0.2212
0.5702
0.2575
0.21
0.2571
0.2335
0.4375
0.5706
0.3371
0.2684
0.2976
0.2144
0.184
0.8161
0.1814
0.6422
0.2619
1.009
0.3491
0.1844
0.1601
0.6226
0.3446
0.338
0.243
0.3428
0.1707
0.361
0.3534
0.5204
0.9948
0.6534
0.4222
0.3602
0.3106
0.2543
0.5381
0.5079
0.3511
0.2621
0.2213
0.3389
0.1584
0.5781
0.9761
0.2527
1.207
1.008
0.4312
0.1783
0.3414
0.6137
0.1705
0.1745
0.1115
0.1689
0.1402
0.2114
0.2562
0.1642
0.1194
0.2608
0.1833
0.4157
0.2666
0.2541
0.3305
0.6107
0.1911
0.5169
0.647
0.6242
0.2841
0.1504
0.2136
0.3639
0.1855
0.3438
0.403
0.2522
0.2357
0.1458
0.3833
0.3796
0.2387
0.4993
0.4537
0.3342
0.1916
0.1967
0.1186
0.3186
0.4681
0.2747
0.4302
1.37
0.2253
0.2865
0.2864
0.5462
0.2456
0.2244
0.6965
0.1851
0.3276
0.3077
0.1415
0.2954
0.253
0.1767
0.4331
0.8191
0.3028
0.2208
0.3665
0.3892
0.3419
0.2142
0.2574
0.51
0.3563
0.1818
0.2986
0.2623
0.3897
0.2204
0.2535
0.6643
0.256
0.4674
0.1912
0.306
0.1692
0.3408
0.3135
0.2084
0.2621
0.1781
0.9291
2.547
0.2315
0.1816
0.2023
0.281
0.3152
0.3416
0.9289
0.4101
0.3776
0.6061
0.2446
0.4455
0.1482
0.1499
0.3478
0.1555
0.2034
0.3147
0.2194
0.3316
0.1588
0.2431
0.163
0.3921
0.2204
0.5659
0.3713
0.2473
0.2239
0.4834
0.7548
0.3276
0.3237
0.2323
0.2324
0.1532
0.7923
0.5904
0.372
0.4751
0.2577
1.291
0.4076
0.2744
0.1811
0.1779
0.2067
0.3331
0.1924
0.2182
0.3906
0.4165
0.386
0.243
0.5449
0.5079
0.4426
0.3834
0.3538
0.9915
0.1344
0.3191
0.2498
0.1267
0.1998
0.1166
0.5461
0.2513
0.4384
0.2067
0.2047
0.8336
0.1507
0.6986
0.2027
0.2957
0.3777
0.2196
0.2784
0.2542
0.3031
0.2351
0.272
0.346
0.2104
0.1144
0.2957
0.5196
0.3163
0.28
0.2409
0.3013
0.2116
0.2199
0.2441
0.5375
0.2254
0.2388
0.3645
0.3141
0.2602
0.9622
1.176
0.7655
0.4564
0.726
0.3857