0,217527280144134
0,177618383927661
0,209062786823945
0,309684876092056
0,390590474895469
0,255294557568753
0,146649896318455
0,299316721623551
0,194819322160655
0,243022741951933
0,136961620831492
0,196179080123738
0,106707006152905
0,332086888533841
0,218547098616446
0,190604072475099
0,194377400822654
0,238841486215454
0,220756705306455
0,287656797090118
0,139273209368732
0,326545874834279
0,230784920284189
0,16072339123636
0,205595404018085
0,272937417139749
0,15134106129109
0,365434952578441
0,177890335520277
0,191283951456641
0,212394193833498
0,188700411326784
0,281061970969167
0,170479654621477
0,142264676887514
0,196349049869123
0,199816432674984
0,147941666383384
0,233980351497433
0,182445524696604
0,111500152972771
0,274127205357446
0,222592378556617
0,17241730971887
0,113879729408165
0,213957915491043
0,304857735323113
0,222048475371384
0,186558792534929
0,151443043138321
0,199102559744365
0,152190910018017
0,245096372845633
0,132542407451474
0,158921711935276
0,283101607913791
0,219532923139681
0,124383859672978
0,254648672536289
0,34367882516912
0,255430533365061
0,405547812489377
0,319781078967944
0,297039127035388
0,264506917768637
0,227861440663562
0,357616344290716
0,315531835333311
0,324608219736887
0,270659822551586
0,151069109698474
0,585035863616276
0,197844783628514
0,160349457796512
0,16500662882007
0,367814529013835
0,455518917632661
0,26991195567189
0,352857191419927
0,179929972464901
0,352517251929157
0,230954890029575
0,277594588163307
0,25648434578645
0,202909882040997
0,219974844477683
0,318489308903015
0,131624570826393
0,241764965836081
0,18723867151647
0,165482544107149
0,335928204779549
0,152326885814325
0,200020396369446
0,314444028962845
0,204507597647619
0,18468912533569
0,378352653227725
0,209164768671177
0,2721215623619
0,199612468980521
0,346398341095285
0,172689261311487
0,307917190740048
0,258184043240303
0,243464663289934
0,290308325118129
0,117517081959411
0,221470578237074
0,309786857939287
0,47081619471734
0,4388618825849
0,180099942210287
0,403848115035524
0,280824013325628
0,265254784648333
0,62378896556413
0,237447734303294
0,295713363021382
0,136791651086107
0,205323452425468
0,275418975422375
0,79307883196791
0,129788897576231
0,201210184587143
0,156338171805419
0,138967263827039
0,150525206513241
0,306149505388041
0,171091545704865
0,230241017098956
0,212122242240881
0,165788489648842
0,177346432335044
0,203997688411463
0,254920624128905
0,223612197028929
0,174490940612571
0,339939490770643
0,383111806098514
0,205323452425468
0,230139035251725
0,226535676649556
0,18098378488629
0,22255838460754
0,345718462113744
0,184485161641228
0,196824965156202
0,193969473433729
0,0964748274807084
0,23853554067376
0,422544787027909
0,372913621375395
0,306591426726043
0,29180405887752
0,187578611007241
0,30720331780943
0,117041166672332
0,187918550498011
0,208790835231329
0,320664921643947
0,319747085018867
0,13791345140565
0,385491382533909
0,166910289968386
0,123534010946052
0,265458748342795
0,208144950198865
0,209878641601795
0,172689261311487
0,273481320324982
0,204065676309617
0,183329367372608
0,508549478192882
0,296189278308461
0,311792500934834
0,437162185131047
0,225277900533705
0,116191317945406
0,290104361423667
0,157425978175885
0,144576265424754
0,157256008430499
0,250059489410885
0,111840092463541
0,489172927218955
0,0974266580548662
0,234728218377129
0,26620661522249
0,203827718666077
0,270931774144202
0,155386341231261
0,0582316347690111
0,309276948703131
0,274705102491756
0,180099942210287
0,469116497263487
0,187986538396165
0,187782574701703
0,137471530067648
0,255430533365061
0,207023149879321
0,317061563041779
0,299962606656015
0,236359927932828
0,186014889349696
0,330387191079988
0,17126151545025
0,178502226603665
0,145868035489683
0,27616684230207
0,187544617058164
0,457218615086515
1,05823163476901
0,369854165958459
0,202603936499303
0,301594316211714
0,159091681680661
0,231294829520345
0,188292483937859
0,140496991535507
0,198898596049903
0,268518203759731
0,162015161301288
0,205051500832852
0,240983105007309
0,22140259033892
0,140021076248428
0,175714722779345
0,23737974640514
0,18805452629432
0,124179895978516
0,148179624026923
0,170649624366863
0,395689567257028
0,251181289730428
0,218513104667369
0,270557840704355
0,214399836829044
0,165210592514532
0,219940850528606
0,110990243736615
0,226501682700479
0,147907672434307
0,360675799707652
0,545262943196111
0,212836115171499
0,187000713872931
0,244382499915015
0,226467688751402
0,179590032974131
0,21688139511167
0,288336676071659
0,161709215759595
0,158037869259272
0,215895570588435
0,216065540333821
0,345038583132202
0,420165210592514
0,181697657816909
0,171431485195635
0,19464935241527
0,228337355950641
0,0960669000917837
0,15273481320325
0,15470646224972
0,25393479960567
0,184791107182921
0,187578611007241
0,302614134684026
0,118706870177108
0,22000883842676
0,193323588401265
0,469116497263487
0,185063058775538
0,482034197912771
0,286433014923344
0,257368188462454
0,127171363497297
0,143964374341367
0,251283271577659
0,273107386885134
0,192201788081721
0,155114389638644
0,218173165176599
0,216983376958901
0,228405343848795
0,160825373083591
0,535064758472992
0,222252439065846
0,263861032736173
0,181255736478907
0,296597205697386
0,258184043240303
0,206139307203318
0,147805690587075
0,11823095489003
0,190230139035252
0,107726824625217
0,345718462113744
0,205867355610701
0,22198048747323
0,27072781044974
0,301696298058945
0,226127749260632
0,208110956249788
0,123466023047897
0,251181289730428
0,113471802019241
0,141006900771663
0,206139307203318
0,17102355780671
0,220756705306455
0,140191045993813
0,705374443349084
0,167522181051773
0,181629669918754
0,163884828500527
0,334670428663698
0,250093483359962
0,356596525818404
0,154196553013564
0,20090423904545
0,186456810687698
0,183669306863378
0,231464799265731
0,227487507223714
0,160757385185437
0,227657476969099
0,358976102253799
0,198490668660978
0,194683346364347
0,438182003603359
0,19094401196587
0,267906312676344
0,21943094129245
0,177822347622123
0,256586327633681
0,265254784648333
0,213889927592888
0,155590304925723
0,202399972804841
0,252099126355509
0,161675221810518
0,324166298398885
0,590134955977836
0,244076554373322
0,160859367032668
0,312438385967298
0,197164904646973
0,223782166774314
0,317129550939933
0,216507461671822
0,357616344290716
0,188360471836013
0,334942380256314
0,265390760444641
0,191657884896488
0,371553863412313
0,232382635890811
0,196587007512663
0,186898732025699
0,190638066424176
0,246694088452255
0,14936941224462
0,211034435870415
0,286874936261345
0,198286704966516
0,189278308461094
0,135227929428562
0,191555903049257
0,170377672774246
0,150457218615087
0,211136417717646
0,143794404595982
0,15331271033756
0,288914573205969
0,167998096338852
0,177176462589659
0,251725192915661
0,225549852126322
0,180031954312132
0,171397491246558
0,228269368052487
0,145188156508142
0,282557704728558
0,149743345684468
0,126729442159296
0,352857191419927
0,382091987626203
0,193153618655879
0,537784274399157
0,24710201584118
0,17727844443689
0,276914709181766
0,182581500492912
0,184995070877384
0,184281197946765
0,144780229119217
0,185708943808002
0,243362681442703
0,209912635550872
0,123364041200666
0,0981405309854846
0,261821395791549
0,323588401264575
0,13454805044702
0,204337627902233
0,245810245776252
0,200156372165754
0,183261379474454
0,175340789339498
0,18747662916001
0,151239079443859
0,232212666145426
0,336370126117551
0,501070809395928
0,278682394533773
0,208416901791481
0,23483020022436
0,247407961382874
0,339123635992793
0,200020396369446
0,135295917326716
0,44430091443723
0,194581364517116
0,250331441003501
0,222422408811232
0,199986402420369
0,249413604378421
0,236767855321753
0,339939490770643
0,308903015263283
0,274467144848217
0,195669170887582
0,18064384539552
0,20090423904545
0,271135737838665
0,198388686813747
0,16442873168576
0,291158173845056
0,275656933065914
0,218649080463677
0,364415134106129
0,139953088350274
0,282829656321175
0,160247475949281
0,1630349797736
0,140972906822586
0,18584491960431
0,232994526974199
0,404527994017065
0,249311622531189
0,208484889689635
0,132168474011626
0,198558656559132
0,335214331848931
0,196077098276507
0,205799367712547
0,223952136519699
0,297107114933542
0,260053710439542
0,182071591256756
0,228065404358024
0,202909882040997
0,16755617500085
0,247985858517184
0,373253560866166
0,230003059455417
0,495971717034368
0,254988612027059
0,255532515212292
0,111194207431077
0,249481592276575
0,152088928170786
0,165652513852534
0,139613148859503
0,112451983546929
0,168508005575008
0,31264234966176
0,166944283917463
0,125913587381446
0,151273073392936
0,110310364755074
0,205119488731006
0,245912227623483
0,120168609987422
0,179760002719516
0,305877553795424
0,0906618621885304
0,17323316449672
0,148519563517694
0,271849610769283
0,353197130910698
0,265220790699256
0,184077234252303
0,193901485535575
0,129041030696536
0,271067749940511
0,22660366454771
0,140157052044736
0,329061427065982
0,329809293945678
0,195567189040351
0,33256280382092
0,740048271407689
0,213210048611347
0,429003637352551
0,251351259475813
0,324234286297039
0,237345752456063
0,228031410408947
0,184043240303226
0,168372029778699
0,168338035829622
0,29156610123398
0,209946629499949
0,17299520685318
0,17925009348336
0,255260563619676
0,525546452731414
0,169595811945474
0,14277458612367
0,229085222830336
0,296835163340925
0,268450215861577
0,150015297277085
0,125131726552674
0,341299248733725
0,24907366488765
0,223918142570622
0,178502226603665
0,130128837067002
0,167862120542543
0,322976510181188
0,1556242988748
0,207805010708094
0,437842064112588
0,430363395315634
0,525886392222184
0,413026481286331
0,242648808512085
0,162321106842982
0,169051908760241
0,214093891287351
0,199476493184213
0,240881123160078
0,34911785702145
0,252914981133358
0,280892001223782
0,325628038209199
0,11880885202434
0,300336540095863
0,371893802903083
0,285957099636265
0,409627086378625
0,4388618825849
0,393989869803175
0,144202331984907
0,278750382431927
0,246660094503178
0,258150049291226
0,157222014481422
0,217527280144134
0,350137675493762
0,196111092225584
0,20066628140191
0,221708535880613
0,244382499915015

