0.04904
0.01308
0.04006
0.07458
0.02461
0.03345
0.01382
0.03029
0.03502
0.07217
0.009269
0.04061
0.08297
0.03126
0.05936
0.0424
0.01162
0.02501
0.01893
0.0146
0.01898
0.01432
0.05328
0.01259
0.01882
0.03799
0.03055
0.02722
0.03057
0.03033
0.03374
0.03414
0.03082
0.03318
0.02868
0.02499
0.02995
0.004899
0.01094
0.02239
0.01102
0.01764
0.1006
0.02147
0.01384
0.03994
0.01646
0.02336
0.01427
0.01382
0.009758
0.01177
0.00838
0.02961
0.0103
0.008722
0.02306
0.02855
0.008593
0.01055
0.01099
0.03162
0.07056
0.03938
0.02648
0.0231
0.01755
0.009216
0.08606
0.005612
0.01652
0.09368
0.05616
0.02065
0.01819
0.02203
0.02839
0.05839
0.06835
0.01661
0.01706
0.03575
0.05693
0.0605
0.01812
0.01649
0.02983
0.01842
0.02493
0.04412
0.01818
0.02444
0.01038
0.01491
0.03715
0.03482
0.01179
0.01463
0.0133
0.02895
0.01488
0.01084
0.006098
0.02196
0.02219
0.02912
0.0231
0.01047
0.08668
0.01557
0.02932
0.04042
0.07446
0.03747
0.02213
0.02507
0.0676
0.02563
0.03976
0.008422
0.01529
0.02101
0.09806
0.01276
0.0327
0.009169
0.01174
0.02731
0.04185
0.03179
0.02456
0.01484
0.01952
0.01515
0.01422
0.01202
0.0138
0.01521
0.0348
0.03498
0.005656
0.01938
0.01735
0.01563
0.01781
0.04741
0.03633
0.04877
0.02297
0.01592
0.01142
0.05416
0.09586
0.008985
0.02017
0.01562
0.04954
0.02661
0.009789
0.006134
0.02405
0.03055
0.02277
0.03175
0.02544
0.007983
0.009816
0.0247
0.03634
0.0137
0.0118
0.01063
0.02321
0.02121
0.01017
0.008007
0.08808
0.04094
0.002252
0.006364
0.02537
0.04759
0.02263
0.03728
0.01395
0.012
0.009181
0.008704
0.008776
0.02212
0.1354
0.0179
0.006736
0.03845
0.05122
0.01587
0.03348
0.05296
0.03698
0.01597
0.01779
0.02569
0.05121
0.03108
0.01911
0.01919
0.01249
0.01503
0.03041
0.01236
0.03611
0.01727
0.02772
0.08555
0.0371
0.03438
0.04192
0.0312
0.03169
0.02644
0.01695
0.02314
0.014
0.02374
0.01104
0.01428
0.008061
0.03207
0.02294
0.03858
0.02008
0.01647
0.006813
0.02062
0.0104
0.01383
0.02863
0.03133
0.02845
0.02785
0.01248
0.00493
0.05914
0.02667
0.03252
0.01386
0.01569
0.05592
0.01035
0.01228
0.03908
0.01065
0.05057
0.01503
0.018
0.02679
0.04765
0.04588
0.05995
0.02556
0.01578
0.01106
0.05981
0.009105
0.01206
0.01478
0.03581
0.02406
0.02178
0.04785
0.00371
0.01122
0.0496
0.01067
0.01169
0.01489
0.008998
0.01114
0.005274
0.01541
0.02449
0.01442
0.02199
0.03481
0.03961
0.008008
0.05156
0.01345
0.08262
0.01395
0.1064
0.02115
0.02003
0.015
0.0118
0.008153
0.01221
0.01005
0.01377
0.01443
0.03203
0.03369
0.04732
0.009362
0.02652
0.02337
0.007861
0.004883
0.003746
0.004711
0.00911
0.006021
0.02768
0.0134
0.01403
0.003012
0.005767
0.01659
0.0659
0.01079
0.04265
0.01376
0.02016
0.02431
0.01418
0.009514
0.01132
0.006887
0.02083
0.03756
0.03245
0.03255
0.01104
0.007124
0.008432
0.01797
0.02305
0.03897
0.01449
0.01971
0.03053
0.03471
0.01877
0.03368
0.01097
0.04671
0.01096
0.01506
0.008548
0.02417
0.006991
0.06559
0.04243
0.02431
0.03387
0.04235
0.03932
0.007939
0.02899
0.008982
0.004693
0.02045
0.01646
0.01805
0.0125
0.01906
0.04674
0.01388
0.01112
0.02821
0.03917
0.01485
0.02675
0.01895
0.01587
0.01812
0.07643
0.01203
0.02984
0.04549
0.01777
0.01903
0.0456
0.03705
0.02073
0.01742
0.03026
0.01415
0.06669
0.04097
0.01365
0.01966
0.02928
0.03726
0.01631
0.01273
0.01957
0.03477
0.01469
0.01964
0.03718
0.01204
0.03713
0.01285
0.008491
0.02134
0.01246
0.0448
0.02772
0.0231
0.009947
0.009355
0.02674
0.02808
0.01427
0.03053
0.01674
0.03889
0.01263
0.009442
0.02047
0.05244
0.02005
0.02809
0.01885
0.005697
0.03867
0.02148
0.006263
0.01174
0.06213
0.03295
0.02715
0.04088
0.01665
0.01791
0.01362
0.01295
0.01095
0.009238
0.04638
0.04308
0.01156
0.01331
0.0156
0.02025
0.02015
0.01171
0.02048
0.02075
0.06063
0.01929
0.02589
0.01251
0.008539
0.01246
0.02418
0.008082
0.008974
0.0127
0.02219
0.05374
0.01679
0.01701
0.01493
0.06657
0.03179
0.01257
0.07025
0.03206
0.01989
0.01555
0.0177
0.008243
0.03093
0.01796
0.03288
0.01315
0.02114
0.0547
0.01666
0.01082
0.01452
0.008186
0.0182
0.07471
0.01393
0.02833
0.01292
0.01446
0.01205
0.008274
0.027
0.01003
0.02052
0.01371
0.02502
0.01371
0.03214
0.02791
0.01819
0.03856
0.01567
0.03356
0.04542
0.04888
0.02198
0.02348
0.01203
0.0494
0.03916
0.01197
0.02265
0.01812
0.0163
0.01641
0.01877
0.02303
0.02329
0.01561
0.0254
0.03212
0.0059
0.02251
0.02042
0.01762
0.01443
0.009169
0.03247
0.01153
0.01815
0.01727
0.007228
0.03089
0.03378
0.02616
0.02583
0.03495
0.009692
0.06457
0.04112
0.04653
0.01172
0.01372
0.02172
0.02099
0.007247
0.03084
0.01123
0.0187
0.01104
0.03051
0.01233
0.01834
0.02153
0.02736
0.02222
0.01124
0.04639
0.02982
0.02678
0.008878
0.04844
0.0431
0.02891
0.02423
0.03731
0.06158
0.00466