0.2776
0.07864
0.1599
0.2839
0.1328
0.17
0.109
0.1645
0.1932
0.2396
0.06669
0.1292
0.2458
0.1002
0.2293
0.1595
0.072
0.2022
0.1027
0.08129
0.127
0.06492
0.2135
0.1022
0.1457
0.2276
0.1868
0.1066
0.1697
0.1157
0.1887
0.1516
0.1496
0.1719
0.1559
0.1336
0.1098
0.03766
0.05131
0.1255
0.06031
0.1218
0.219
0.1436
0.1047
0.1686
0.05943
0.1231
0.09092
0.07698
0.04966
0.06059
0.04751
0.1485
0.07081
0.05473
0.1267
0.1365
0.03789
0.05272
0.08061
0.08963
0.2008
0.08751
0.1262
0.1479
0.07773
0.04701
0.1413
0.05234
0.1029
0.1531
0.183
0.128
0.06829
0.08424
0.1047
0.2146
0.3454
0.09546
0.09362
0.1535
0.2665
0.1791
0.07165
0.1053
0.09947
0.1206
0.09445
0.1339
0.08606
0.1036
0.05055
0.08165
0.1553
0.1313
0.07057
0.05301
0.07525
0.1141
0.08511
0.07568
0.04038
0.09697
0.08578
0.1765
0.1017
0.06815
0.2768
0.06575
0.08404
0.1209
0.2233
0.1303
0.08201
0.07849
0.1243
0.1649
0.1752
0.06722
0.06685
0.11
0.2867
0.1099
0.07325
0.06136
0.07862
0.08028
0.1807
0.1589
0.09509
0.1223
0.1284
0.09462
0.09709
0.05761
0.06095
0.06889
0.1305
0.1136
0.04102
0.1137
0.09486
0.09509
0.05139
0.1296
0.17
0.1167
0.1021
0.06376
0.07589
0.1305
0.1599
0.05113
0.08498
0.06679
0.1665
0.07223
0.05241
0.03718
0.1141
0.1185
0.1666
0.1015
0.1145
0.05352
0.05736
0.09182
0.1603
0.07885
0.06981
0.06288
0.1555
0.05743
0.04302
0.04276
0.1294
0.1556
0.01938
0.03774
0.1914
0.2832
0.08799
0.08155
0.1052
0.04695
0.08468
0.06141
0.05562
0.07253
0.2413
0.06601
0.02344
0.1353
0.198
0.05366
0.1267
0.08642
0.1428
0.1206
0.08087
0.1198
0.2084
0.1768
0.1058
0.09588
0.07232
0.07304
0.1483
0.0623
0.1348
0.069
0.1516
0.1146
0.1306
0.1517
0.1154
0.05907
0.1306
0.113
0.08711
0.1192
0.08502
0.1204
0.04994
0.07624
0.07722
0.1096
0.07529
0.1799
0.1572
0.03813
0.03574
0.1074
0.04087
0.06945
0.1682
0.08348
0.1039
0.1298
0.0663
0.03393
0.1325
0.06807
0.1558
0.05971
0.04524
0.1346
0.07234
0.07808
0.1606
0.05991
0.1849
0.1041
0.1188
0.1279
0.2063
0.2284
0.3114
0.1639
0.1088
0.0629
0.1273
0.05616
0.08995
0.1143
0.1147
0.08259
0.06219
0.1289
0.02675
0.07608
0.1961
0.04689
0.07027
0.0721
0.03872
0.05884
0.04052
0.07688
0.1453
0.0434
0.1442
0.1802
0.0958
0.04216
0.1011
0.03729
0.1181
0.05008
0.1676
0.09823
0.07943
0.05642
0.08393
0.06221
0.04721
0.05914
0.0522
0.06797
0.1642
0.1014
0.1838
0.06678
0.07694
0.05688
0.05251
0.03116
0.03614
0.03735
0.05253
0.03515
0.07948
0.05969
0.05847
0.03834
0.03212
0.1117
0.1972
0.03454
0.1111
0.08564
0.08834
0.1875
0.06545
0.07664
0.05306
0.03892
0.1319
0.1283
0.1371
0.1125
0.06779
0.04458
0.04202
0.1056
0.09965
0.1402
0.07326
0.1283
0.1139
0.09228
0.09097
0.1339
0.07281
0.09159
0.05794
0.0778
0.05886
0.1206
0.0363
0.2364
0.2363
0.09769
0.06064
0.1038
0.1304
0.05492
0.07698
0.05956
0.0265
0.06373
0.07952
0.08468
0.05696
0.1131
0.1669
0.07175
0.08562
0.1954
0.1497
0.06934
0.1515
0.1076
0.06374
0.1438
0.166
0.04726
0.07548
0.2154
0.1111
0.07079
0.1073
0.1297
0.08575
0.06636
0.07823
0.04831
0.1114
0.1318
0.07542
0.07428
0.1562
0.2087
0.09758
0.05361
0.1147
0.08895
0.04768
0.06232
0.2576
0.05242
0.07899
0.08836
0.04571
0.0746
0.08501
0.08316
0.1304
0.06526
0.05313
0.07804
0.06053
0.1025
0.04605
0.0812
0.06159
0.1571
0.05794
0.05978
0.07722
0.1836
0.1168
0.1147
0.08333
0.03912
0.1013
0.05743
0.03834
0.04522
0.2225
0.1316
0.1489
0.1389
0.07074
0.1133
0.07883
0.05895
0.0633
0.05581
0.1113
0.1109
0.06718
0.04462
0.1232
0.09218
0.1314
0.0889
0.078
0.1175
0.1064
0.09871
0.0645
0.09242
0.0543
0.07426
0.08574
0.05205
0.05073
0.04626
0.111
0.1988
0.05223
0.05855
0.05994
0.1223
0.1089
0.05428
0.2004
0.1483
0.06258
0.06
0.08549
0.03398
0.1069
0.08269
0.1108
0.05319
0.08228
0.1893
0.07838
0.05326
0.1155
0.07957
0.1299
0.1511
0.06698
0.1448
0.09263
0.07112
0.052
0.06217
0.1289
0.04043
0.05275
0.08345
0.1334
0.0763
0.1317
0.1644
0.1364
0.1681
0.1085
0.1275
0.2239
0.2204
0.1152
0.1071
0.06712
0.187
0.09661
0.05016
0.1469
0.08918
0.08597
0.08499
0.1248
0.131
0.1661
0.1117
0.1225
0.2106
0.04413
0.107
0.08419
0.07632
0.1138
0.06307
0.09755
0.09009
0.09713
0.09453
0.07255
0.1313
0.09752
0.1739
0.1154
0.1552
0.04878
0.1199
0.112
0.123
0.07214
0.06877
0.1018
0.06747
0.04994
0.08066
0.0503
0.06602
0.04227
0.08194
0.04234
0.05605
0.05824
0.07658
0.07504
0.04971
0.133
0.1021
0.1126
0.03558
0.2087
0.2236
0.1159
0.1034
0.1023
0.277
0.04362