0.9053
0.7339
0.7869
1.156
0.7813
0.8902
0.7732
1.377
1.002
1.599
1.187
0.9849
3.568
1.078
1.169
1.033
1.24
1.073
1.017
0.7886
0.7477
0.9768
0.7096
1.127
0.9017
0.976
0.9832
1.849
1.012
0.8225
1.466
01.03
1.398
0.6062
0.6857
0.9197
1.019
2.342
2.188
0.5914
0.8265
1.428
1.666
0.8249
0.6123
0.6633
0.9567
0.8937
0.7294
1.353
1.21
0.9234
0.6329
1.593
0.8339
0.9591
1.193
1.15
1.214
0.5796
1.441
2.067
1.268
2.265
1.178
1.281
2.011
0.9429
1.194
0.8732
0.7975
0.8522
1.041
0.6205
1.025
1.016
1.014
0.5505
1.885
1.095
2.174
1.016
1.474
2.91
1.255
1.475
2.22
0.6636
1.502
0.7372
1.111
0.8413
1.153
1.373
0.9644
1.509
1.511
2.043
0.5391
1.851
1.29
1.508
1.571
1.222
1.534
0.9238
1.657
0.8944
1.545
0.9861
1.424
1.803
1.49
1.86
0.5864
0.9227
0.9789
0.9489
1.072
1.214
0.4607
1.581
3.12
0.857
1.14
0.8561
1.005
1.342
1.068
1.199
0.8163
0.7859
1.265
0.8155
1.202
1.38
2.508
0.9938
1.452
1.343
0.496
1.332
1.908
0.7712
1.239
0.6538
1.426
1.909
0.7394
0.7574
1.322
1.962
2.664
0.7815
0.7927
0.9823
1.4
02.06
0.7285
0.7614
1.693
0.6336
1.048
1.656
0.8561
1.065
0.4064
1.391
1.41
1.217
0.6656
1.147
0.6583
1.805
1.925
0.7873
2.261
1.284
1.142
0.9899
1.481
0.7629
1.15
1.108
0.4956
1.268
0.4757
0.7655
1.926
0.8355
2.11
1.748
4.885
1.809
0.9622
0.9086
2.112
1.305
1.073
0.6509
1.326
0.8282
1.56
1.93
1.044
0.3621
1.342
0.8554
0.9223
0.3628
1.48
0.8652
1.476
1.667
1.845
1.194
1.563
1.922
1.186
1.321
0.4336
0.4981
1.217
0.9209
0.8907
0.8121
0.9027
0.4966
1.066
1.069
0.679
0.8927
1.647
1.189
0.8301
1.503
0.9635
1.041
2.324
0.8561
0.6612
0.6745
1.642
1.057
1.802
2.612
1.601
0.4402
1.493
1.038
0.8208
0.8429
0.78
0.8568
0.6342
0.8098
1.199
1.059
2.454
1.278
1.033
1.317
1.633
0.9988
0.7383
1.617
1.197
1.916
1.219
1.489
0.7198
0.5293
1.352
1.409
1.433
2.293
1.28
0.828
1.166
0.9195
1.001
1.268
0.9951
0.9173
1.389
1.35
1.39
0.469
1.905
1.974
1.77
0.948
0.7636
1.238
0.6931
0.6946
1.027
2.105
0.669
1.143
1.161
01.04
1.743
1.563
1.059
1.786
0.5735
1.305
0.6864
0.8285
1.43
0.9115
0.6594
0.3602
2.777
0.7151
0.5996
0.5503
1.911
2.2
1.471
0.6863
1.042
1.023
0.8073
0.9505
1.081
0.9097
1.232
1.457
0.7476
0.5664
1.966
0.9961
1.532
2.129
0.6412
1.53
2.015
0.9245
0.7706
0.9429
0.8225
2.284
0.7395
2.509
1.152
0.3981
0.7615
01.05
0.6724
1.324
0.8509
1.506
0.8092
1.478
1.51
1.363
1.2
1.247
0.9527
1.539
1.285
1.439
0.6124
0.9168
1.892
0.7786
1.051
0.6999
1.022
0.4125
1.309
0.6575
0.5066
0.489
1.231
1.15
0.5417
1.027
0.9858
1.031
1.434
0.873
0.5308
1.627
0.8309
0.6218
1.067
2.836
0.5477
2.079
1.331
0.9209
1.652
1.685
1.332
1.265
0.6881
1.14
0.7747
1.045
1.299
0.905
0.9078
1.743
0.6372
1.798
0.8733
1.781
1.555
1.387
1.182
1.336
1.627
1.203
2.878
1.213
0.6457
1.678
1.44
1.511
0.7339
0.895
1.747
1.341
1.127
1.621
0.9671
0.8836
0.8749
1.46
1.001
1.931
0.6683
0.9533
0.7693
1.046
1.678
0.6549
1.376
1.679
0.4833
2.542
0.5906
1.204
1.077
0.6221
1.354
1.361
1.554
1.375
1.705
0.7213
0.6674
1.924
2.426
1.35
1.232
1.687
1.152
1.306
0.9112
0.7656
0.685
0.8135
0.7884
1.312
1.465
1.74
1.35
2.643
0.4334
3.647
0.538
0.4875
1.018
0.5762
1.166
0.9857
1.19
0.9264
0.5733
0.9462
0.3871
1.207
1.006
1.408
1.154
0.5679
1.139
1.046
1.288
1.486
1.473
1.636
0.6332
0.781
1.045
1.216
0.8423
1.528
1.095
0.7452
1.093
1.39
0.7959
01.03
0.4706
1.961
0.6417
0.6232
0.9306
0.6237
1.198
01.01
0.9225
0.8737
1.169
1.003
1.13
0.9004
1.083
1.249
1.216
0.6793
0.6068
0.4957
2.635
0.504
1.907
0.8745
0.4801
1.736
1.583
0.9901
1.851
1.978
1.462
1.479
1.768
1.079
1.385
1.597
1.047
1.336
0.967
1.023
1.363
1.918
1.304
1.467
1.367
1.879
1.36
2.239
02.09
2.927
1.108
2.904
1.492
3.896
1.205
1.026
1.256
2.463
1.075
1.595
1.428