8.589
3.398
4.585
3.445
5.438
2.217
3.18
3.856
2.406
2.039
2.466
3.564
11.07
2.903
2.061
2.879
3.195
3.854
5.865
2.058
1.383
1.909
3.384
4.303
5.455
7.276
2.11
5.632
3.498
4.655
5.574
3.475
3.999
3.528
2.183
3.008
2.657
1.17
8.077
1.545
1.572
1.822
8.83
2.427
1.334
4.293
1.094
1.897
1.848
1.735
2.635
1.449
1.52
4.877
2.097
2.183
4.837
2.735
2.595
1.046
3.312
2.493
5.373
2.608
2.927
2.45
1.66
1.831
1.885
1.471
5.486
3.168
3.705
1.957
1.74
5.029
2.652
6.311
8.649
1.778
2.077
1.535
7.382
5.801
1.441
4.782
3.301
3.055
2.203
3.814
2.279
2.075
2.701
2.099
3.706
4.554
2.41
2.132
1.475
2.376
2.861
1.553
1.183
1.528
2.302
2.41
2.155
0.8484
10.05
1.597
2.747
2.711
3.399
2.041
1.354
2
3.28
2.989
3.598
3.357
1.103
4.895
9.807
1.928
1.223
1.495
1.752
5.216
2.796
2.765
1.973
3.094
2.844
1.972
3.766
1.457
3.258
1.143
8.419
1.851
1.218
4.533
1.937
1.689
1.806
3.021
2.281
3.271
2.12
1.573
2.873
1.243
4.073
1.429
1.819
1.484
5.54
3.479
1.171
1.808
3.926
6.971
4.792
1.955
4.603
1.286
1.126
4.129
7.337
1.893
1.67
3.142
2.805
1.377
2.155
1.435
3.132
2.482
1.101
1.778
5.82
4.414
2.406
1.902
1.344
2.68
1.817
1.742
1.011
1.687
2.112
5.118
2.23
2.642
3.591
1.493
4.906
4.312
3.833
1.446
2.308
3.088
4.667
3.909
2.497
1.974
1.517
4.106
1.491
1.525
7.029
1.444
21.98
3.767
3.534
1.933
2.087
2.747
6.487
4.722
1.391
2.011
1.641
2.244
2.044
3.763
1.208
2.276
1.445
2.257
2.153
1.059
1.489
3.767
1.215
1.667
7.247
5.144
2.105
3.002
1.996
0.757
2.369
2.829
4.037
2.517
0.873
2.393
1.497
1.686
6.372
2.684
4.115
2.193
3.797
2.563
7.158
4.061
10.12
1.903
2.587
2.577
6.146
1.534
2.819
7.749
3.43
2.591
1.546
2.23
0.8439
1.164
8.867
1.75
2.765
4.021
1.565
2.363
1.683
1.83
4.321
3.717
2.903
2.464
2.347
1.721
3.198
1.115
2.877
1.954
4.36
2.171
1.231
1.234
1.34
1.479
1.267
4.138
1.661
2.289
7.237
2.579
7.804
1.035
2.475
1.961
1.204
1.144
1.509
2.567
1.109
1.954
2.346
1.107
2.222
1.047
1.438
2.547
3.769
2.487
1.597
3.868
1.614
4.012
1.959
1.566
1.558
1.466
3.27
2.961
2.629
2.465
1.959
1.529
1.199
6.076
0.9219
4.369
1.778
6.462
2.677
1.429
1.355
5.173
2.355
2.394
1.559
2.537
01.09
2.455
2.225
3.477
7.222
4.174
3.33
3.212
2.59
1.737
4.277
3.267
2.329
2.028
1.535
2.344
1.036
4.218
7.128
1.874
7.733
7.561
2.972
1.338
2.407
4.119
1.372
1.349
2.363
1.4
1.101
1.719
1.809
1.281
1.778
2.117
1.592
2.914
2.097
1.709
2.569
5.383
1.348
3.167
4.675
4.158
1.869
1.237
1.513
2.668
1.263
2.225
3.123
1.649
2.397
0.9975
2.602
3.018
1.729
2.552
3.061
2.079
1.359
1.342
1.174
2.31
3.043
1.93
2.759
9.424
1.527
1.968
2.206
4.795
1.667
1.804
4.607
1.184
2.564
2.24
0.968
2.109
3.466
2.204
3.008
4.493
1.612
1.602
2.597
2.644
2.331
1.606
2.806
3.283
2.235
1.277
1.921
1.865
2.873
1.482
1.994
4.542
1.955
2.916
1.516
2.143
1.116
2.287
2.15
1.314
1.657
1.243
6.051
18.65
1.727
1.303
1.236
3.369
2.312
2.275
5.801
3.027
2.569
4.099
1.826
2.884
1.301
1.195
2.749
1.392
1.567
03.07
1.678
2.056
1.102
1.564
1.143
5.004
1.471
3.631
2.554
1.775
1.577
3.163
5.353
2.108
2.326
1.596
1.696
1.253
4.851
4.206
2.304
2.974
1.566
9.635
3.014
1.787
0.9857
1.318
1.146
2.937
1.345
1.677
3.093
2.561
2.63
1.491
3.218
3.654
3.176
2.495
2.388
07.05
0.9812
2.284
1.976
1.069
1.443
0.7714
4.091
1.714
3.149
1.393
1.373
5.168
1.165
4.706
1.895
2.158
2.492
1.445
1.628
2.615
2.177
1.539
2.076
2.066
1.356
0.9887
2.054
3.564
2.115
1.994
1.477
2.121
1.502
1.437
1.648
3.618
2.224
1.936
2.888
2.041
2.362
8.758
7.673
5.203
3.425
5.772
2.548