153.4
74.08
94.03
27.23
94.44
27.19
53.91
50.96
24.32
23.94
40.51
54.16
116.2
36.58
19.21
32.55
45.4
54.18
112.4
23.56
14.67
15.7
44.91
93.99
102.6
111.4
21.05
93.54
43.5
61.1
105
41
67.78
68.17
35.03
45.19
24.91
14.16
106
18.52
20.53
16.97
104.9
31.33
14.49
71.56
8.205
24.25
19.87
20.2
28.47
14.55
17.47
98.81
29.91
23.47
102.5
40.09
32.96
8.322
34.62
18.39
60.78
23.52
36.46
35.24
14.2
18.15
17.67
18.33
96.05
25.44
69.47
23.35
19.68
79.25
32.65
134.8
116.4
20.35
24.62
12.96
120
67.1
16.16
80.6
38.87
57.65
20.95
42.76
33.76
29.44
36.35
25.22
47.14
87.87
24.44
20.05
15.75
26.85
43.14
9.833
14.68
11.77
23.13
34.66
20.62
9.227
170
16.41
22.87
20.48
29.25
19.91
8.966
24.79
16.94
41.18
58.63
54.04
10.5
90.47
233
24.19
14.66
17.91
19.83
81.23
39.84
63.33
15.24
48.31
43.68
27.94
68.35
19.87
34.37
12.67
101.9
26.33
12.26
74.08
21.38
16.64
17.74
25.03
24.72
39.43
21.2
21.47
34.78
10.21
49.85
15.48
22.79
16.51
93.91
46.61
13.25
18.54
38.34
119.3
97.07
21.55
97.85
16.64
11.48
67.34
122.3
24.28
17.43
43.4
44.64
19.08
21.98
11.36
27.48
31.59
14.34
21.79
128.7
81.46
40.98
22.77
19.53
26.43
28.92
17.86
14.47
18.32
31.72
53.65
21.69
34.44
25.2
15.75
49.7
76.36
54.22
19.42
27.24
40.73
83.16
52.72
30.29
26.44
12.33
68.46
15.09
20
111.7
17.12
525.6
58.53
31
22.69
21.46
22.79
124.4
109.9
17.4
21.03
15.05
32.19
24.68
48.29
11.86
19.88
18.51
25.13
31.98
8.605
15.46
70.01
12.64
22.07
155.8
83.5
29.96
49
27.19
9.006
16.39
39.93
60.41
23.22
13.56
16.35
16.64
18.62
137.9
26.99
92.81
33.63
71
35.74
106.4
59.46
138.5
23.02
52.34
44.41
90.94
22.18
45.42
199.7
27.1
26.76
18.24
20.74
10.77
13.17
156.8
16.39
45.81
48.84
17.09
36.74
22.22
19.41
69.65
37.83
53.16
28.09
23.29
22.45
21.91
12.68
34.68
17.49
77.11
24.87
17.67
13.88
13.38
17.74
11.09
49.11
20.56
20.56
133
28.32
130.8
10.08
22.93
18.21
15.5
9.789
20.39
33.01
11.28
28.9
25.18
9.438
17.81
12.69
15.82
48.9
24.2
31.16
22.68
74.85
16.57
69.06
19.01
17.61
23.92
16.97
44.41
57.72
33.27
20.65
19.62
15.07
13.24
87.17
14.41
88.25
16.85
164.1
32.14
12.07
10.8
67.66
24.53
19.33
18.02
29.06
12.25
26.65
26.03
51.22
153.1
63.37
28.84
27.49
21.57
20.74
30.18
30.48
28.3
20.98
17.26
33.58
13.22
72.44
103.6
18.57
224.1
130.2
45.5
17.72
39.06
77.02
14
14.91
7.228
14.91
11.35
13.99
16.04
11.68
9.549
19.2
15.26
33.01
19.96
23.12
22.97
70.1
11.88
28.85
66.91
80.99
22.22
12.67
19.29
30.57
12.98
25.06
41.51
18.95
20.21
11.36
30.15
25.78
21.83
41.24
49.81
25.79
13.66
13.54
6.802
28.51
45.38
19.53
25.17
176.5
17.37
18.99
20.3
49.45
15.89
19.36
43.52
11.6
20.77
20.2
9.704
23.24
24.19
15.43
52.49
103.9
23.92
18.85
26.5
32.74
29.63
19.25
18.15
58.38
29.34
13.12
35.77
19.39
43.95
19.75
23.04
81.89
20.24
56.18
13.86
25.7
13.32
28.93
23.13
17.58
21.19
11.28
115.2
542.2
20.52
12.89
16.89
23.81
27.4
20.98
104.9
27.85
22.73
44.96
23.31
35.13
9.597
11.64
31.01
14.03
14.34
33.12
16.26
28.41
12.84
20.64
13.87
30.19
19.98
67.74
27.57
22.95
18.04
50.95
89.74
24.6
26.07
21.84
18.4
11.91
95.77
75.09
34.84
39.05
18.49
180.2
20.04
17.67
12.58
12.3
20.67
32.52
13.04
20.72
33.67
37.11
38.49
18.19
67.36
59.7
34.37
28.62
19.63
139.9
9.332
26.45
15.24
7.254
16.07
8.955
44.74
18.54
30.66
15.34
17.25
100.4
10.09
87.78
18.54
20.95
19.14
11.73
20.86
23.11
27.41
17.85
23.12
31.24
12.97
7.326
18.24
33
20.67
17.85
18.76
17.86
16.83
14.46
16.8
29.11
19.54
16.97
29.84
22.81
22.65
118.8
158.7
99.04
48.55
86.22
19.15