0.006399
0.005225
0.00615
0.00911
0.01149
0.00751
0.004314
0.008805
0.005731
0.007149
0.004029
0.005771
0.003139
0.009769
0.006429
0.005607
0.005718
0.007026
0.006494
0.008462
0.004097
0.009606
0.006789
0.004728
0.006048
0.008029
0.004452
0.01075
0.005233
0.005627
0.006248
0.005551
0.008268
0.005015
0.004185
0.005776
0.005878
0.004352
0.006883
0.005367
0.00328
0.008064
0.006548
0.005072
0.00335
0.006294
0.008968
0.006532
0.005488
0.004455
0.005857
0.004477
0.00721
0.003899
0.004675
0.008328
0.006458
0.003659
0.007491
0.01011
0.007514
0.01193
0.009407
0.008738
0.007781
0.006703
0.01052
0.009282
0.009549
0.007962
0.004444
0.01721
0.00582
0.004717
0.004854
0.01082
0.0134
0.00794
0.01038
0.005293
0.01037
0.006794
0.008166
0.007545
0.005969
0.006471
0.009369
0.003872
0.007112
0.005508
0.004868
0.009882
0.004481
0.005884
0.00925
0.006016
0.005433
0.01113
0.006153
0.008005
0.005872
0.01019
0.00508
0.009058
0.007595
0.007162
0.00854
0.003457
0.006515
0.009113
0.01385
0.01291
0.005298
0.01188
0.008261
0.007803
0.01835
0.006985
0.008699
0.004024
0.00604
0.008102
0.02333
0.003818
0.005919
0.004599
0.004088
0.004428
0.009006
0.005033
0.006773
0.00624
0.004877
0.005217
0.006001
0.007499
0.006578
0.005133
0.01
0.01127
0.00604
0.00677
0.006664
0.005324
0.006547
0.01017
0.005427
0.00579
0.005706
0.002838
0.007017
0.01243
0.01097
0.009019
0.008584
0.005518
0.009037
0.003443
0.005528
0.006142
0.009433
0.009406
0.004057
0.01134
0.00491
0.003634
0.007809
0.006123
0.006174
0.00508
0.008045
0.006003
0.005393
0.01496
0.008713
0.009172
0.01286
0.006627
0.003418
0.008534
0.004631
0.004253
0.004626
0.007356
0.00329
0.01439
0.002866
0.006905
0.007831
0.005996
0.00797
0.004571
0.001713
0.009098
0.008081
0.005298
0.0138
0.00553
0.005524
0.004044
0.007514
0.00609
0.009327
0.008824
0.006953
0.005472
0.009719
0.005038
0.005251
0.004291
0.008124
0.005517
0.01345
0.03113
0.01088
0.00596
0.008872
0.00468
0.006804
0.005539
0.004133
0.005851
0.007899
0.004766
0.006032
0.007089
0.006513
0.004119
0.005169
0.006983
0.005532
0.003653
0.004359
0.00502
0.01164
0.007389
0.006428
0.007959
0.006307
0.00486
0.00647
0.003265
0.006663
0.004351
0.01061
0.01604
0.006261
0.005501
0.007189
0.006662
0.005283
0.00638
0.008482
0.004757
0.004649
0.006351
0.006356
0.01015
0.01236
0.005345
0.005043
0.005726
0.006717
0.002826
0.004493
0.004551
0.00747
0.005436
0.005518
0.008902
0.003492
0.006472
0.005687
0.0138
0.005444
0.01418
0.008426
0.007571
0.003741
0.004235
0.007392
0.008034
0.005654
0.004563
0.006418
0.006383
0.006719
0.004731
0.01574
0.006538
0.007762
0.005332
0.008725
0.007595
0.006064
0.004348
0.003478
0.005596
0.003169
0.01017
0.006056
0.00653
0.007964
0.008875
0.006652
0.006122
0.003632
0.007389
0.003338
0.004148
0.006064
0.005031
0.006494
0.004124
0.02075
0.004928
0.005343
0.004821
0.009845
0.007357
0.01049
0.004536
0.00591
0.005485
0.005403
0.006809
0.006692
0.004729
0.006697
0.01056
0.005839
0.005727
0.01289
0.005617
0.007881
0.006455
0.005231
0.007548
0.007803
0.006292
0.004577
0.005954
0.007416
0.004756
0.009536
0.01736
0.00718
0.004732
0.009191
0.0058
0.006583
0.009329
0.006369
0.01052
0.005541
0.009853
0.007807
0.005638
0.01093
0.006836
0.005783
0.005498
0.005608
0.007257
0.004394
0.006208
0.008439
0.005833
0.005568
0.003978
0.005635
0.005012
0.004426
0.006211
0.00423
0.00451
0.008499
0.004942
0.005212
0.007405
0.006635
0.005296
0.005042
0.006715
0.004271
0.008312
0.004405
0.003728
0.01038
0.01124
0.005682
0.01582
0.007269
0.005215
0.008146
0.005371
0.005442
0.005421
0.004259
0.005463
0.007159
0.006175
0.003629
0.002887
0.007702
0.009519
0.003958
0.006011
0.007231
0.005888
0.005391
0.005158
0.005515
0.004449
0.006831
0.009895
0.01474
0.008198
0.006131
0.006908
0.007278
0.009976
0.005884
0.00398
0.01307
0.005724
0.007364
0.006543
0.005883
0.007337
0.006965
0.01
0.009087
0.008074
0.005756
0.005314
0.00591
0.007976
0.005836
0.004837
0.008565
0.008109
0.006432
0.01072
0.004117
0.00832
0.004714
0.004796
0.004147
0.005467
0.006854
0.0119
0.007334
0.006133
0.003888
0.005841
0.009861
0.005768
0.006054
0.006588
0.00874
0.00765
0.005356
0.006709
0.005969
0.004929
0.007295
0.01098
0.006766
0.01459
0.007501
0.007517
0.003271
0.007339
0.004474
0.004873
0.004107
0.003308
0.004957
0.009197
0.004911
0.003704
0.00445
0.003245
0.006034
0.007234
0.003535
0.005288
0.008998
0.002667
0.005096
0.004369
0.007997
0.01039
0.007802
0.005415
0.005704
0.003796
0.007974
0.006666
0.004123
0.00968
0.009702
0.005753
0.009783
0.02177
0.006272
0.01262
0.007394
0.009538
0.006982
0.006708
0.005414
0.004953
0.004952
0.008577
0.006176
0.005089
0.005273
0.007509
0.01546
0.004989
0.0042
0.006739
0.008732
0.007897
0.004413
0.003681
0.01004
0.007327
0.006587
0.005251
0.003828
0.004938
0.009501
0.004578
0.006113
0.01288
0.01266
0.01547
0.01215
0.007138
0.004775
0.004973
0.006298
0.005868
0.007086
0.01027
0.00744
0.008263
0.009579
0.003495
0.008835
0.01094
0.008412
0.01205
0.01291
0.01159
0.004242
0.0082
0.007256
0.007594
0.004625
0.006399
0.0103
0.005769
0.005903
0.006522
0.007189