0.05373
0.0186
0.03832
0.05661
0.05688
0.03672
0.02254
0.02488
0.03553
0.07743
0.01101
0.02791
0.0889
0.05051
0.05501
0.04741
0.01998
0.03188
0.03391
0.02387
0.01698
0.01985
0.06446
0.01715
0.02741
0.03732
0.02681
0.05081
0.03576
0.03407
0.05196
0.04205
0.05042
0.03497
0.02664
0.03695
0.04815
0.01343
0.01818
0.03049
0.0139
0.02595
0.09723
0.02185
0.01452
0.05554
0.01588
0.02905
0.02322
0.02095
0.01168
0.01079
0.01311
0.02817
0.01603
0.01349
0.02945
0.02572
0.000692
0.01981
0.007665
0.03
0.06899
0.04312
0.02973
0.02315
0.01714
0.02063
0.3038
0.01585
0.02269
0.05671
0.04252
0.01759
0.01826
0.035
0.01162
0.04658
0.1091
0.02071
0.02586
0.0398
0.0573
0.02134
0.02007
0.02806
0.05371
0.0371
0.02703
0.04436
0.01121
0.04531
0.01358
0.01872
0.04867
0.04232
0.01131
0.005308
0.01693
0.03321
0.02647
0
0.01069
0.03029
0.0288
0.05473
0.02945
0.01167
0.104
0.02443
0.02722
0.05101
0.1435
0.04591
0.03259
0.01835
0.09263
0.03011
0.0595
0.02291
0.01514
0.03342
0.1278
0.02882
0.04957
0.009127
0.01796
0.0404
0.03204
0.04755
0.01018
0.02813
0.02219
0.01678
0.02855
0.02332
0.02662
0.01434
0.06577
0.02187
0
0.03067
0.01158
0.0151
0.02018
0.02789
0.04649
0.05303
0.03114
0.0178
0.01949
0.07753
0.396
0.01196
0.03047
0.01994
0.05206
0.03056
0.008342
0.001835
0.04167
0.04344
0.04029
0.03125
0.02822
0.008268
0.01099
0.02626
0.04644
0.007276
0.01683
0.02151
0.04303
0.01453
0
0
0.1197
0.05371
0.001595
0.00618
0.03109
0.03872
0.01954
0.05915
0.01774
0.001597
0.01412
0.01978
0.01556
0.02117
0.1166
0.02176
0
0.03763
0.05551
0.02321
0.04665
0.0611
0.02706
0.02
0.01401
0.02713
0.08958
0.03112
0.02701
0.02039
0.007975
0.01946
0.02526
0.01841
0.05489
0.02045
0.06389
0.1438
0.03688
0.03909
0.05946
0.05774
0.03446
0.02664
0.01652
0.02544
0.008534
0.02384
0.02259
0.0236
0.002817
0.03644
0.03016
0.04683
0.03055
0.01633
0.003223
0.03457
0.01186
0.007302
0.04497
0.04257
0.0385
0.02602
0.0181
0.006493
0.0888
0.03371
0.03915
0.01865
0.03079
0.08158
0.01081
0.02105
0.09518
0.01245
0.068
0.02332
0.02749
0.03119
0.03863
0.04983
0.08232
0.02889
0.02117
0.01246
0.04638
0.01311
0.02048
0.02143
0.03354
0.03099
0.02589
0.07339
0.004826
0.01282
0.06329
0.008347
0.01622
0.01267
0.001487
0.02623
0.01065
0.01457
0.03988
0.01514
0.03059
0.03872
0.07927
0.00186
0.04387
0.01652
0.08099
0.01376
0.0996
0.01536
0.02335
0.01412
0.006564
0.004272
0.01072
0.01272
0.01079
0.01861
0.05638
0.04712
0.07649
0.01808
0.02221
0.01596
0.001128
0.003681
0.00203
0.002831
0.01042
0.005325
0.03137
0.01003
0
0.00262
0.01123
0.02408
0.1027
0.009959
0.04004
0.02645
0.01902
0.0319
0.01051
0.01329
0.005717
0.001184
0.03248
0.05839
0.03715
0.04393
0.003297
0.0009737
0.007004
0.04502
0.03113
0.03914
0.0169
0.03582
0.0384
0.05028
0.02758
0.04345
0.01651
0.02611
0.005832
0.01855
0.0094
0.007816
0.005949
0.09953
0.04266
0.04912
0.04505
0.06271
0.05112
0.005254
0.03214
0.02348
0.0007929
0.01795
0.01529
0.01832
0.01451
0.02375
0.05904
0.02
0.02096
0.03576
0.06072
0.01551
0.03437
0.02681
0.01169
0.01951
0.1535
0.007508
0.02443
0.04588
0.02101
0.01723
0.04305
0.04757
0.02828
0.03389
0.04344
0.01988
0.09472
0.07469
0.008496
0
0.04972
0.04718
0.01843
0.01132
0.03304
0.04545
0.0194
0.02079
0.06165
0.01376
0.03452
0.01613
0.01307
0.0199
0.01831
0.05175
0.02509
0.02059
0.01163
0.01056
0.03735
0.03312
0.02489
0.0163
0.01367
0.04493
0.009075
0.006972
0.04447
0.05278
0.02631
0.03669
0.006021
0.002074
0.05263
0.02991
0.009398
0.005383
0.07926
0.04861
0.05546
0.05321
0.01461
0.02185
0.007066
0.01608
0.005812
0.009213
0.0643
0.04942
0.007741
0.01993
0.02975
0.02334
0.03697
0.01758
0.03379
0.03185
0.06663
0.04907
0.02941
0.01615
0.01256
0.007936
0.04275
0.0151
0.005681
0.0145
0.02721
0.08055
0.01971
0.0208
0.01564
0.07683
0.04615
0.01031
0.06591
0.04961
0.02714
0.01465
0.0231
0
0.02757
0.03318
0.02821
0.009904
0.04156
0.08079
0.01397
0.0153
0.01334
0.01698
0.03336
0.1114
0.018
0.04256
0.01851
0.01423
0.00941
0.01153
0.03737
0.006416
0.01341
0.02153
0.02636
0.01346
0.04435
0.04062
0.01996
0.03476
0.02575
0.03976
0.03483
0.05189
0.03966
0.018
0.0247
0.06019
0.04017
0.01482
0.03452
0.03035
0.02967
0.02099
0.02913
0.03052
0.01405
0.01977
0.02197
0.03571
0.003846
0.02086
0.01062
0.01801
0.01509
0.008732
0.04763
0.01798
0.01737
0.0184
0.007078
0.04093
0.04401
0.04005
0.04645
0.01865
0
0.09252
0.05553
0.03829
0.01947
0.01498
0.02615
0.02021
0.01012
0.02613
0.02337
0.01277
0
0.03445
0.01328
0.03996
0.03898
0.04804
0.004174
0
0.06578
0.05738
0.02071
0
0.07359
0.07845
0.05198
0.0395
0.0473
0.07117
0