0.01587
0.0134
0.02058
0.01867
0.01885
0.01137
0.01039
0.01448
0.01226
0.01432
0.007591
0.01282
0.0409
0.01992
0.01628
0.0109
0.01109
0.01297
0.01521
0.01315
0.00649
0.01421
0.02252
0.01038
0.0113
0.02397
0.01352
0.01911
0.01083
0.01354
0.01158
0.01044
0.01112
0.009643
0.009067
0.01195
0.01161
0.01164
0.01917
0.01262
0.006881
0.01037
0.02638
0.00956
0.006853
0.01695
0.005917
0.01215
0.00566
0.01184
0.007445
0.007956
0.008
0.009222
0.009222
0.00867
0.01538
0.01272
0.004167
0.005742
0.008193
0.009259
0.01848
0.0156
0.0129
0.01184
0.009333
0.008965
0.03322
0.008662
0.0137
0.01766
0.01127
0.009206
0.007965
0.01809
0.008239
0.0207
0.02593
0.008179
0.007506
0.01383
0.0203
0.01843
0.007027
0.0142
0.01761
0.012
0.01293
0.01623
0.008606
0.01763
0.01082
0.009366
0.01851
0.01269
0.01519
0.00525
0.006884
0.01424
0.009921
0
0.006797
0.01112
0.008614
0.01388
0.01398
0.005558
0.0248
0.006435
0.01023
0.02295
0.02292
0.01544
0.0104
0.007711
0.02308
0.01271
0.0139
0.009863
0.00646
0.01601
0.01822
0.012
0.01038
0.004814
0.00688
0.01361
0.02258
0.01043
0.008094
0.01093
0.009231
0.01268
0.009148
0.00892
0.01307
0.008602
0.02801
0.01965
0
0.01167
0.00952
0.007584
0.005612
0.0111
0.01843
0.01527
0.01493
0.005828
0.01153
0.01022
0.05279
0.008232
0.009536
0.007924
0.01841
0.0111
0.006273
0.003576
0.01152
0.02794
0.01303
0.01135
0.01623
0.006432
0.005344
0.01604
0.01569
0.009073
0.01241
0.009443
0.0132
0.01583
0
0
0.0246
0.01813
0.001852
0.007408
0.01241
0.01567
0.009767
0.01712
0.006009
0.002404
0.006719
0.01185
0.00624
0.006433
0.01666
0.01757
0
0.01321
0.01883
0.00842
0.0206
0.01444
0.01221
0.007303
0.0114
0.01345
0.02465
0.01291
0.01037
0.00826
0.007527
0.01123
0.008304
0.007373
0.02765
0.006747
0.01407
0.03927
0.01627
0.01435
0.01785
0.01071
0.01712
0.01078
0.006659
0.00836
0.007624
0.008637
0.009057
0.01286
0.004972
0.01155
0.008691
0.01499
0.01384
0.003125
0.003419
0.01091
0.009623
0.01004
0.01716
0.01671
0.01011
0.01374
0.01103
0.003762
0.01314
0.01007
0.01559
0.01133
0.005383
0.0137
0.006245
0.01006
0.01864
0.009175
0.01971
0.01262
0.01267
0.01342
0.01519
0.02127
0.03024
0.01022
0.008185
0.007671
0.02149
0.005174
0.009875
0.00928
0.01365
0.009919
0.00633
0.01745
0.003608
0.008849
0.01561
0.009472
0.008522
0.0191
0.003333
0.01463
0.005044
0.01043
0.01293
0.01846
0.01499
0.01209
0.01774
0.002924
0.01633
0.005905
0.03487
0.009924
0.02771
0.01187
0.01132
0.008578
0.007978
0.006829
0.009393
0.01432
0.005243
0.0125
0.01733
0.01403
0.01936
0.009199
0.007807
0.006998
0.002386
0.003472
0.003242
0.004821
0.007638
0.006324
0.01069
0.004667
0
0.00339
0.005051
0.01143
0.02527
0.0112
0.01544
0.01247
0.01011
0.01369
0.005142
0.006474
0.006627
0.003951
0.01392
0.01186
0.01459
0.009811
0.004967
0.002941
0.006522
0.01744
0.007315
0.01816
0.008043
0.01301
0.01243
0.00851
0.0101
0.01806
0.01121
0.01296
0.005495
0.01067
0.006315
0.01052
0.006296
0.02283
0.01508
0.01746
0.01471
0.01966
0.01876
0.006042
0.01506
0.006565
0.003617
0.006399
0.009997
0.01033
0.005484
0.01461
0.02536
0.007087
0.01197
0.01471
0.01656
0.009155
0.01343
0.01232
0.006335
0.01196
0.02919
0.005179
0.008356
0.01339
0.01164
0.00696
0.01667
0.01051
0.008468
0.01576
0.01087
0.007016
0.02047
0.03441
0.006929
0
0.01639
0.01288
0.007513
0.009155
0.01367
0.01384
0.004168
0.005398
0.01051
0.005832
0.01065
0.007308
0.0103
0.01155
0.008747
0.01341
0.0148
0.01075
0.005872
0.007483
0.005128
0.01196
0.009087
0.009276
0.008674
0.02139
0.008231
0.006159
0.008799
0.0158
0.01304
0.01274
0.01052
0.003527
0.01264
0.01045
0.006189
0.005623
0.02234
0.01167
0.0191
0.01834
0.008281
0.009567
0.006502
0.009046
0.007039
0.01076
0.01768
0.01742
0.005657
0.01111
0.009753
0.01665
0.0111
0.006897
0.008848
0.01466
0.01553
0.01499
0.009166
0.01136
0.006888
0.009128
0.009215
0.006451
0.006336
0.006104
0.01458
0.02598
0.00637
0.007497
0.008463
0.01368
0.01254
0.003934
0.02311
0.01841
0.009883
0.01183
0.008399
0
0.006691
0.00836
0.0135
0.004832
0.008038
0.02215
0.005161
0.006275
0.008791
0.009233
0.01067
0.02721
0.006144
0.01176
0.01167
0.005297
0.004551
0.007437
0.01648
0.007895
0.005564
0.01183
0.01032
0.007096
0.01573
0.01479
0.01004
0.01616
0.01161
0.02156
0.02188
0.0145
0.009894
0.01285
0.01431
0.02041
0.01528
0.01056
0.01334
0.008648
0.009423
0.01107
0.01046
0.01178
0.01244
0.009199
0.0158
0.01597
0.004065
0.01352
0.006801
0.00732
0.007369
0.00574
0.02853
0.007986
0.01316
0.005298
0.005077
0.01699
0.01346
0.01421
0.01276
0.01766
0
0.01364
0.01494
0.01162
0.01269
0.009117
0.009061
0.009064
0.005495
0.01097
0.009615
0.005917
0
0.01024
0.009305
0.01282
0.00762
0.01721
0.007082
0
0.01606
0.01267
0.01626
0
0.01608
0.02624
0.02454
0.01678
0.01557
0.01664
0