122.8
132.9
130
77.58
135.1
82.57
119.6
90.2
87.5
83.97
102.7
103.6
132.4
103.7
93.6
96.73
94.74
108.1
130
87.46
85.63
60.34
102.5
137.2
110
116
97.41
122.1
102.4
115
124.8
77.93
112.8
127.9
107
110.1
93.63
82.61
95.54
88.4
86.18
71.9
128.3
87.32
85.42
123.7
51.71
85.98
78.04
86.91
74.72
87.21
75.71
120.3
97.26
73.34
125.5
95.55
82.61
54.34
64.55
54.66
96.42
59.2
82.69
97.4
60.11
71.8
58.79
81.37
123.6
58.79
114.2
90.43
79.19
104.1
87.91
120.2
143.7
83.19
73.81
86.49
171.5
129.1
76.95
121.1
94.25
122
79.78
95.77
94.57
100.2
84.74
86.6
100.3
132.4
77.79
62.11
74.34
94.48
88.05
43.79
77.22
63.95
67.41
87.21
75.17
79.01
152.8
72.48
62.5
82.15
97.83
68.64
55.84
76.53
58.74
98.64
105.7
114.2
73.34
121.4
166.2
94.28
86.1
88.44
87.76
123.4
99.58
130.4
79.08
101.7
106.2
102
120.2
81.72
74.72
73.06
96.85
73
61.24
105.1
73.66
83.74
68.26
78.11
78.99
97.84
93.97
88.12
83.51
53.27
63.78
70.87
85.31
78.27
117.4
108.4
76.84
68.69
76.1
126.3
130.7
79.85
152.1
95.5
68.77
109.3
116.1
96.22
78.85
85.84
102.5
70.21
67.49
54.42
64.6
109.3
82.01
81.29
182.1
142.7
101.2
73.53
98.92
63.76
118.6
74.68
75.27
78.83
94.37
82.02
60.73
81.15
100.4
82.53
90.63
117.4
127.5
94.49
78.54
115.1
158.9
91.56
81.09
98.78
62.92
109.7
87.02
98.17
134.7
75.51
188.5
114.5
92.87
90.96
77.32
65.05
129.7
128
87.88
88.59
65.12
102.6
84.55
92.51
66.62
97.45
81.35
85.26
113.4
71.76
70.79
134.4
60.21
89.79
153.5
132.5
92.55
113.4
87.38
78.61
73.93
88.54
129.1
66.72
84.13
84.95
68.01
73.87
138.9
73.28
130.7
113
126.5
91.43
133.6
103.2
110.2
103.7
132.9
111
114.4
100
111.6
135.7
69.28
87.16
82.38
69.5
90.3
72.23
147.3
61.5
115.2
76.2
71.79
120.9
86.24
88.99
126.2
74.24
127.2
108.8
84.08
79.83
77.87
81.89
73.72
72.17
96.03
97.03
83.14
75.54
81.78
88.06
69.14
75
91.22
66.85
129.5
80.43
134.7
66.86
73.59
74.23
84.07
56.36
85.69
82.71
74.33
92.68
82.29
73.73
54.09
79.19
77.25
118.7
60.07
78.6
66.52
131.1
82.82
135.9
78.01
81.25
90.03
76.09
106.9
107.5
105.8
84.52
71.94
71.38
77.88
111.8
84.08
122.9
64.41
155.1
94.15
61.64
71.49
129.9
75.03
66.2
76.66
94.87
73.02
77.23
73.7
107.1
174.2
98
71.24
81.92
85.09
88.52
56.74
59.82
79.42
85.24
81.87
106.6
85.48
133.8
133.7
78.31
140.9
147.2
109
97.65
141.3
134.8
87.84
106.3
70.15
85.89
88.27
73.3
73.16
70.67
78.75
80.64
85.79
93.97
78.78
88.37
73.38
128.9
65.75
55.27
102.4
144.4
78.07
89.75
88.1
83.05
70.31
75.26
124.4
76.14
84.18
83.18
78.29
70.39
104.3
82.63
117.8
78.41
72.49
70.92
59.75
97.53
96.71
76.39
59.6
102.9
80.88
70.95
74.2
98.22
75.46
89.46
61.93
63.19
67.49
68.79
70.47
80.98
102.1
81.47
133.8
123.7
94.89
91.12
82.67
89.78
88.68
89.59
71.73
112.4
88.37
66.82
117.5
77.61
117.3
95.88
94.25
138.1
76.83
127.7
76.77
93.86
80.62
86.34
74.87
84.1
82.61
61.68
111.2
186.9
92.25
73.88
84.28
86.87
85.98
61.06
119
76.38
61.49
76.85
96.45
77.42
70.41
82.89
92.41
88.97
73.99
109.8
78.29
88.73
87.32
87.76
102.8
82.85
94.21
128.1
75.49
107.1
78.18
114.6
118.4
78.83
84.06
96.12
82.69
80.45
121.3
137.8
98.73
92.33
81.25
152.1
61.49
64.12
79.47
71.25
104.7
103.8
76.31
94.66
88.64
94.29
97.26
72.76
120.8
130.5
84.45
82.51
59.96
165.5
71.3
88.73
63
54.53
87.44
78.94
90.31
77.83
75.89
75.21
87.76
134.7
70.79
137.8
93.77
76.37
47.98
48.34
74.65
95.81
94.7
84.88
89.77
87.19
65.31
65.85
61.05
68.89
68.51
71.49
81.35
59.01
82.5
65.67
64.73
59.26
96.39
74.52
91.38
70.67
103.4
143
142
131.2
108.3
140.1
47.92