0.1184
0.08474
0.1096
0.1425
0.1003
0.1278
0.09463
0.1189
0.1273
0.1186
0.08206
0.0971
0.0974
0.08401
0.1131
0.1139
0.09867
0.117
0.09831
0.09779
0.1075
0.1024
0.1073
0.09428
0.1121
0.1186
0.1054
0.0944
0.1082
0.09847
0.1064
0.1109
0.1197
0.09401
0.104
0.0961
0.09823
0.08983
0.09387
0.1016
0.08162
0.1227
0.09081
0.1041
0.09714
0.1099
0.086
0.1158
0.1031
0.08752
0.08637
0.07685
0.08261
0.1148
0.09056
0.09524
0.1053
0.1137
0.0806
0.09752
0.1134
0.1243
0.1049
0.07721
0.1122
0.1172
0.1044
0.08139
0.1066
0.09831
0.09009
0.09783
0.1071
0.1007
0.09172
0.09168
0.1291
0.1065
0.1286
0.09934
0.1102
0.1078
0.1063
0.1215
0.09723
0.09874
0.09444
0.09029
0.08772
0.1132
0.08974
0.092
0.07355
0.1022
0.1039
0.09078
0.1045
0.1024
0.08983
0.09752
0.09488
0.117
0.08013
0.1005
0.09989
0.1398
0.1142
0.08477
0.1326
0.08759
0.1037
0.09933
0.07837
0.1122
0.115
0.09768
0.09462
0.1162
0.1155
0.08402
0.09373
0.1054
0.1447
0.1101
0.07115
0.08785
0.09258
0.08217
0.115
0.1015
0.1066
0.1092
0.1008
0.09462
0.0943
0.09055
0.1051
0.09639
0.1167
0.1164
0.0925
0.09721
0.1092
0.08677
0.07793
0.1152
0.1091
0.08138
0.0997
0.07944
0.1135
0.09405
0.1072
0.09754
0.09384
0.08654
0.1115
0.07445
0.09311
0.07515
0.1089
0.08694
0.112
0.1012
0.08439
0.08421
0.09594
0.08865
0.1049
0.09855
0.1028
0.09048
0.1257
0.1006
0.08792
0.09138
0.09699
0.09831
0.06251
0.08739
0.1094
0.1141
0.09597
0.09059
0.09057
0.09267
0.08588
0.09774
0.1007
0.0808
0.1075
0.08749
0.0695
0.1034
0.1044
0.07941
0.12
0.07371
0.08523
0.09872
0.09586
0.08968
0.1141
0.1323
0.09965
0.08876
0.1089
0.08772
0.1002
0.08182
0.0909
0.08871
0.1142
0.1006
0.09463
0.1026
0.09363
0.08054
0.09383
0.0842
0.09646
0.1051
0.1061
0.1025
0.08445
0.09906
0.1053
0.08371
0.07903
0.1088
0.1141
0.06883
0.0778
0.09159
0.08464
0.0907
0.09509
0.08355
0.08223
0.09812
0.09423
0.07926
0.09592
0.08043
0.1027
0.107
0.07215
0.0876
0.09657
0.1013
0.1007
0.09345
0.1062
0.1008
0.1035
0.1096
0.0926
0.1335
0.1109
0.1063
0.1
0.08662
0.08999
0.0784
0.09726
0.09469
0.09688
0.07956
0.09425
0.1082
0.06429
0.09834
0.09401
0.09037
0.08855
0.1225
0.09379
0.08923
0.07948
0.09516
0.102
0.07813
0.1037
0.1066
0.07818
0.08393
0.08605
0.06955
0.0802
0.08713
0.08757
0.08992
0.1005
0.08372
0.09667
0.09198
0.08518
0.09968
0.06576
0.1015
0.115
0.08451
0.108
0.1068
0.08853
0.07474
0.08511
0.07005
0.07376
0.08352
0.08814
0.07618
0.08794
0.08597
0.1074
0.08511
0.07734
0.09746
0.09968
0.07557
0.1061
0.0802
0.1134
0.117
0.08673
0.1028
0.09309
0.07683
0.1169
0.1165
0.09491
0.09579
0.1054
0.08306
0.08313
0.1119
0.09462
0.09116
0.1007
0.1069
0.09751
0.08481
0.1033
0.09797
0.115
0.09882
0.08386
0.08875
0.09076
0.1158
0.07561
0.1243
0.1149
0.1024
0.07274
0.0876
0.1082
0.08743
0.08293
0.1009
0.07436
0.08582
0.09676
0.09686
0.07937
0.0915
0.09905
0.09231
0.09384
0.1063
0.09742
0.07963
0.1001
0.09446
0.08302
0.0988
0.09073
0.07517
0.08268
0.1216
0.1237
0.07987
0.06935
0.1042
0.08363
0.08682
0.08108
0.07026
0.08365
0.101
0.09996
0.1039
0.116
0.1167
0.1029
0.08045
0.1059
0.08044
0.07741
0.09087
0.123
0.08872
0.07351
0.09879
0.08682
0.1004
0.09495
0.07551
0.1036
0.08685
0.08858
0.1077
0.07969
0.08515
0.0832
0.09773
0.1044
0.112
0.08785
0.1018
0.08546
0.1031
0.1088
0.09057
0.1075
0.08117
0.09816
0.08801
0.08151
0.07896
0.09947
0.1054
0.1133
0.1018
0.08924
0.106
0.09136
0.08458
0.08684
0.07966
0.08915
0.08331
0.08817
0.08142
0.08947
0.103
0.09997
0.09179
0.08388
0.09684
0.06613
0.1032
0.08437
0.1099
0.08583
0.09245
0.09357
0.08791
0.08369
0.07984
0.09898
0.1084
0.06995
0.08508
0.07466
0.08284
0.08675
0.08311
0.09289
0.1175
0.08946
0.08752
0.08098
0.07699
0.1007
0.0904
0.08931
0.06828
0.1046
0.1026
0.09087
0.07991
0.1071
0.0995
0.1043
0.09514
0.08641
0.1089
0.1128
0.07497
0.08192
0.07838
0.1001
0.07372
0.07335
0.09587
0.1076
0.08928
0.1012
0.1085
0.09883
0.1162
0.1158
0.09342
0.1634
0.1255
0.1096
0.1194
0.09427
0.1183
0.08099
0.08472
0.1106
0.09832
0.09215
0.1049
0.1068
0.1037
0.1218
0.1125
0.1371
0.103
0.08511
0.09916
0.09492
0.1036
0.1075
0.09003
0.1248
0.11
0.1073
0.1016
0.09277
0.09156
0.09687
0.1046
0.1038
0.1236
0.08098
0.08668
0.09984
0.08837
0.08275
0.08671
0.09578
0.09246
0.09434
0.08877
0.08491
0.08192
0.07431
0.09566
0.08276
0.0924
0.08123
0.0903
0.1003
0.08123
0.08473
0.09261
0.09929
0.07449
0.1048
0.1099
0.111
0.0978
0.08455
0.1178
0.05263