0.3001
0.0869
0.1974
0.2414
0.198
0.1578
0.1127
0.09366
0.1859
0.2273
0.03299
0.09954
0.2065
0.09938
0.2128
0.1639
0.07395
0.1722
0.1479
0.06664
0.04568
0.02956
0.2077
0.1097
0.1525
0.2229
0.1425
0.149
0.1683
0.09875
0.2319
0.1218
0.2417
0.1657
0.1354
0.1348
0.1319
0.02562
0.02398
0.1063
0.0311
0.1044
0.2107
0.09847
0.08259
0.1974
0.01588
0.1226
0.06592
0.04751
0.01657
0.01857
0.01972
0.1772
0.05253
0.03036
0.1323
0.1293
0.000692
0.02061
0.01084
0.03
0.2135
0.05988
0.1128
0.1267
0.02172
0.03709
0.313
0.03653
0.108
0.08606
0.1692
0.07789
0.03372
0.09769
0.06877
0.1684
0.3754
0.03889
0.04591
0.1169
0.3339
0.1937
0.04151
0.1335
0.1204
0.1468
0.06015
0.09966
0.03102
0.1122
0.03261
0.03974
0.17
0.1465
0.0249
0.006829
0.04196
0.09388
0.08625
0
0.02383
0.06154
0.02995
0.2071
0.0707
0.02643
0.4264
0.05133
0.04334
0.1065
0.3003
0.06476
0.04132
0.03328
0.09263
0.169
0.2133
0.07293
0.03512
0.1457
0.4268
0.08842
0.08092
0.0142
0.05285
0.09271
0.1138
0.2545
0.02855
0.1466
0.1043
0.07135
0.1153
0.04711
0.03592
0.03503
0.1539
0.04635
0
0.09447
0.02031
0.04894
0.02251
0.0371
0.1659
0.0905
0.08487
0.02881
0.03136
0.1321
0.4108
0.01982
0.09293
0.03885
0.1855
0.0515
0.01972
0.00309
0.06843
0.1193
0.2508
0.0537
0.1324
0.01947
0.02531
0.08422
0.2159
0.02602
0.03987
0.05858
0.2032
0.02363
0
0
0.1307
0.1793
0.001595
0.009193
0.2871
0.2487
0.06593
0.06181
0.05375
0.001597
0.08169
0.03809
0.02353
0.03844
0.1981
0.03112
0
0.1085
0.1697
0.03873
0.1385
0.1103
0.1114
0.118
0.04187
0.1036
0.3523
0.1558
0.08005
0.0755
0.01756
0.0695
0.08705
0.05892
0.164
0.02669
0.3201
0.1682
0.1115
0.09901
0.06636
0.05774
0.1272
0.1145
0.03888
0.0786
0.01768
0.1147
0.03554
0.05724
0.006643
0.06505
0.05438
0.1695
0.191
0.01633
0.004967
0.1554
0.01652
0.01462
0.195
0.09042
0.1103
0.1417
0.04705
0.01053
0.1548
0.04697
0.2049
0.04831
0.04336
0.1374
0.02379
0.04328
0.2712
0.02638
0.2417
0.1266
0.1379
0.09789
0.1784
0.2448
0.3176
0.1751
0.1519
0.02891
0.09697
0.04209
0.09061
0.1367
0.06387
0.04072
0.039
0.08448
0.00725
0.03265
0.2195
0.01103
0.05699
0.05929
0.001487
0.0802
0.01997
0.04479
0.1921
0.02245
0.1626
0.1948
0.1115
0.00186
0.06574
0.0226
0.09274
0.02399
0.1362
0.0594
0.06155
0.02688
0.01288
0.01063
0.01236
0.02685
0.02475
0.02495
0.2197
0.0683
0.2283
0.02297
0.03344
0.01974
0.001461
0.003681
0.002758
0.004559
0.01583
0.01447
0.04052
0.01367
0
0.004473
0.01123
0.113
0.1975
0.01342
0.06726
0.1155
0.038
0.2565
0.01994
0.03193
0.01765
0.001546
0.1478
0.1799
0.1204
0.07107
0.005006
0.0009737
0.007756
0.1508
0.03738
0.106
0.02511
0.2308
0.08007
0.08422
0.05397
0.1863
0.04006
0.03581
0.00751
0.04608
0.02587
0.01171
0.008306
0.2914
0.3368
0.1235
0.04505
0.103
0.09603
0.01502
0.04721
0.0271
0.001194
0.03344
0.02688
0.05862
0.02181
0.09799
0.1641
0.04392
0.1168
0.2448
0.1811
0.03393
0.1932
0.1527
0.02556
0.06651
0.228
0.01271
0.04249
0.1689
0.079
0.03546
0.07943
0.05892
0.05077
0.0839
0.06839
0.02045
0.1007
0.1856
0.01923
0
0.1891
0.281
0.04783
0.02681
0.0858
0.0739
0.02712
0.02853
0.3189
0.02606
0.04057
0.03296
0.02109
0.04944
0.055
0.06126
0.1201
0.03211
0.02783
0.03046
0.03735
0.06859
0.04686
0.02555
0.02047
0.1522
0.0236
0.008955
0.05485
0.145
0.07097
0.09657
0.008934
0.00247
0.06335
0.03614
0.01369
0.01402
0.2733
0.07741
0.2133
0.1594
0.03346
0.1126
0.01797
0.03534
0.01342
0.02087
0.09457
0.1204
0.01055
0.01993
0.109
0.05441
0.1698
0.04069
0.08817
0.1572
0.08777
0.1655
0.04055
0.06895
0.02966
0.02819
0.0716
0.02772
0.01206
0.01541
0.1007
0.3635
0.03476
0.03367
0.04859
0.101
0.1085
0.01479
0.2136
0.102
0.02948
0.02367
0.05539
0
0.05115
0.05835
0.05063
0.02224
0.05308
0.2236
0.02916
0.02995
0.05786
0.04548
0.1191
0.1544
0.05192
0.2256
0.04279
0.03649
0.01714
0.04445
0.117
0.007173
0.018
0.06824
0.08017
0.03609
0.1491
0.2188
0.07721
0.1357
0.05928
0.1676
0.0973
0.1188
0.08175
0.04063
0.05526
0.203
0.06726
0.03416
0.1445
0.08222
0.07486
0.04302
0.1569
0.1411
0.04825
0.0388
0.03332
0.231
0.005067
0.05385
0.0233
0.02565
0.04201
0.02958
0.101
0.03781
0.05282
0.042
0.01752
0.1523
0.05263
0.2085
0.1463
0.04515
0
0.09252
0.06737
0.1009
0.04105
0.02987
0.03688
0.02974
0.01012
0.04358
0.02337
0.01548
0
0.04824
0.01997
0.03996
0.06195
0.05999
0.005025
0
0.1029
0.1112
0.04462
0
0.255
0.3174
0.2439
0.144
0.09251
0.3514
0